acc = 0.5956678700361011
eval_loss = 0.6747497967311314
